   0.00000  300.00000
   0.00204  279.94819
   0.00408  260.05755
   0.00612  240.48540
   0.00816  221.38149
   0.01020  202.88465
   0.01224  185.11977
   0.01429  168.19542
   0.01633  152.20200
   0.01837  137.21062
   0.02041  123.27261
   0.02245  110.41972
   0.02449   98.66493
   0.02653   88.00377
   0.02857   78.41611
   0.03061   69.86833
   0.03265   62.31566
   0.03469   55.70470
   0.03673   49.97594
   0.03878   45.06620
   0.04082   40.91096
   0.04286   37.44638
   0.04490   34.61115
   0.04694   32.34796
   0.04898   30.60469
   0.05102   29.33525
   0.05306   28.50011
   0.05510   28.06654
   0.05714   28.00853
   0.05918   28.30645
   0.06122   28.94660
   0.06327   29.92039
   0.06531   31.22351
   0.06735   32.85496
   0.06939   34.81593
   0.07143   37.10870
   0.07347   39.73554
   0.07551   42.69762
   0.07755   45.99396
   0.07959   49.62056
   0.08163   53.56959
   0.08367   57.82881
   0.08571   62.38112
   0.08776   67.20436
   0.08980   72.27133
   0.09184   77.54997
   0.09388   83.00381
   0.09592   88.59261
   0.09796   94.27311
   0.10000  100.00000
